3
3 197
123 98
303 242
303 243
265 396
265 396
91 409
91 409
19 489
19 490
198 517
198 518
307 493
308 493
388 424
388 423
383 331
383 330
439 256
440 256
541 272
541 272
541 130
462 65
462 65
3
3 197
123 98
303 242
303 243
265 396
265 396
91 409
91 409
19 489
19 490
198 517
198 518
307 493
308 493
388 424
388 423
383 331
383 330
439 256
440 256
541 272
541 272
541 130
462 65
462 65
365 92
365 92
353 153
353 154
354 258
399 292
399 292
413 349
413 349
432 399
432 400
480 435
481 436
561 436
569 452
569 452
534 479
534 479
303 242
303 243
265 396
265 396
91 409
91 409
19 489
19 490
198 517
198 518
307 493
308 493
388 424
388 423
383 331
383 330
439 256
440 256
541 272
541 272
541 130
462 65
462 65
365 92
365 92
353 153
353 154
354 258
399 292
399 292
413 349
413 349
432 399
432 400
480 435
481 436
561 436
569 452
569 452

